{
  "advancedEditorSelectedIdentifier" : "ProjectBrowser",
  "openSceneRelativePaths" : [
    "Mars.usdz",
    "Scene.usda"
  ],
  "recentIdentifiers" : {
    "00F12D62-E611-4FE4-8059-C1F66C21261A" : [

    ],
    "26DBAE76-5DD8-47B6-A085-1B4ADA111097" : [

    ],
    "54245892-F56C-486B-BDE8-D63354ECD243" : [

    ],
    "CBDF2B26-8C68-4387-AFAF-40B4A06CD3E0" : [

    ],
    "DB6DAB67-CA01-4FA1-8F9E-22021FCAC8A2" : [

    ]
  },
  "sceneCameraHistory" : {
    "00F12D62-E611-4FE4-8059-C1F66C21261A" : [
      {
        "date" : 749007648.477788,
        "title" : "Untitled",
        "transform" : [
          1,
          0,
          0,
          0,
          0,
          0.8660254,
          -0.5,
          0,
          0,
          0.5,
          0.8660254,
          0,
          0,
          3.3695688,
          4.8660636,
          1
        ]
      },
      {
        "date" : 749007646.06071,
        "title" : "Untitled",
        "transform" : [
          1,
          0,
          0,
          0,
          0,
          0.8660254,
          -0.5,
          0,
          0,
          0.5,
          0.8660254,
          0,
          0,
          6.38716,
          11.062883,
          1
        ]
      },
      {
        "date" : 749007617.383969,
        "title" : "Untitled",
        "transform" : [
          1,
          0,
          -0,
          0,
          -0,
          0.8660254,
          -0.5,
          0,
          0,
          0.5,
          0.8660254,
          0,
          0,
          0.22346759,
          0.38705721,
          1
        ]
      }
    ],
    "26DBAE76-5DD8-47B6-A085-1B4ADA111097" : [
      {
        "date" : 749021352.675251,
        "title" : "Untitled",
        "transform" : [
          0.11160289,
          0.03204661,
          -0.99323606,
          0,
          -0.9937512,
          0.0054552862,
          -0.11148476,
          0,
          0.001845679,
          0.99947155,
          0.03245518,
          0,
          -0.20911598,
          17.473717,
          -3.4383652,
          1
        ]
      },
      {
        "date" : 749021337.332682,
        "title" : "Untitled",
        "transform" : [
          0.11160289,
          0.03204661,
          -0.99323606,
          0,
          -0.993746,
          -0.00013559061,
          -0.111664556,
          0,
          -0.0037131435,
          0.9994864,
          0.031831052,
          0,
          3.6382945,
          27.959408,
          0.669734,
          1
        ]
      },
      {
        "date" : 749021317.408877,
        "title" : "Untitled",
        "transform" : [
          0.11160288,
          0.03204661,
          -0.99323606,
          0,
          -0.9937137,
          -0.005281809,
          -0.11182696,
          0,
          -0.008829758,
          0.99947244,
          0.031255685,
          0,
          -0.8562044,
          8.253083,
          -1.647033,
          1
        ]
      },
      {
        "date" : 749021310.732449,
        "title" : "Untitled",
        "transform" : [
          0.18354756,
          -0.061503857,
          -0.9810849,
          0,
          -0.9829999,
          -0.006782233,
          -0.18348067,
          0,
          0.0046308227,
          0.9980838,
          -0.06170315,
          0,
          -0.8562044,
          8.253083,
          -1.647033,
          1
        ]
      },
      {
        "date" : 749021299.958195,
        "title" : "Untitled",
        "transform" : [
          0.18354756,
          -0.061503857,
          -0.9810849,
          0,
          -0.9829999,
          -0.006782233,
          -0.18348067,
          0,
          0.0046308227,
          0.9980838,
          -0.06170315,
          0,
          -0.16409008,
          8.287249,
          -1.0424452,
          1
        ]
      },
      {
        "date" : 749021296.601138,
        "title" : "Untitled",
        "transform" : [
          -0.097584255,
          -0.018574262,
          -0.9950539,
          0,
          -0.9856379,
          -0.13665618,
          0.099211745,
          0,
          -0.13782306,
          0.99044436,
          -0.0049720034,
          0,
          -0.16409008,
          8.287249,
          -1.0424452,
          1
        ]
      },
      {
        "date" : 749021294.250379,
        "title" : "Untitled",
        "transform" : [
          0.09469762,
          -0.003946286,
          -0.9954983,
          0,
          -0.99475044,
          -0.03933066,
          -0.09447057,
          0,
          -0.038780797,
          0.99921846,
          -0.0076500895,
          0,
          -0.16409008,
          8.287249,
          -1.0424452,
          1
        ]
      },
      {
        "date" : 749021277.484144,
        "title" : "Untitled",
        "transform" : [
          0.08784145,
          0.005219698,
          -0.99612087,
          0,
          -0.9961232,
          -0.004316827,
          -0.08786427,
          0,
          -0.004758707,
          0.9999771,
          0.004820265,
          0,
          -0.16409008,
          8.287249,
          -1.0424452,
          1
        ]
      },
      {
        "date" : 749021270.438464,
        "title" : "Untitled",
        "transform" : [
          0.03433968,
          -0.0010002473,
          -0.9994097,
          0,
          -0.99580216,
          -0.084929414,
          -0.03413073,
          0,
          -0.08484515,
          0.99638647,
          -0.0039124982,
          0,
          0.64452153,
          8.26726,
          -1.6054131,
          1
        ]
      },
      {
        "date" : 749021262.984209,
        "title" : "Untitled",
        "transform" : [
          0.03433968,
          -0.0010002473,
          -0.9994097,
          0,
          -0.99580216,
          -0.084929414,
          -0.03413073,
          0,
          -0.08484515,
          0.99638647,
          -0.0039124982,
          0,
          0.16369176,
          4.183363,
          -0.2787494,
          1
        ]
      }
    ],
    "54245892-F56C-486B-BDE8-D63354ECD243" : [
      {
        "date" : 749021237.463873,
        "title" : "Untitled",
        "transform" : [
          0.9998558,
          -0.00075553113,
          -0.016965883,
          0,
          -0.016982527,
          -0.040007405,
          -0.999055,
          0,
          7.605626e-05,
          0.99919903,
          -0.040014464,
          0,
          7.828275,
          99.919914,
          -4.15347,
          1
        ]
      },
      {
        "date" : 749021215.828305,
        "title" : "Untitled",
        "transform" : [
          0.9998558,
          -0.00075553113,
          -0.016965883,
          0,
          -0.016982527,
          -0.040007405,
          -0.999055,
          0,
          7.605626e-05,
          0.99919903,
          -0.040014464,
          0,
          2.120503,
          12.438166,
          -0.47837234,
          1
        ]
      },
      {
        "date" : 749021171.8661,
        "title" : "Untitled",
        "transform" : [
          0.9998558,
          -0.00075553113,
          -0.016965883,
          0,
          -0.016982527,
          -0.040007405,
          -0.999055,
          0,
          7.605626e-05,
          0.99919903,
          -0.040014464,
          0,
          -4.341273,
          12.438205,
          -0.48968005,
          1
        ]
      },
      {
        "date" : 749021168.5393,
        "title" : "Untitled",
        "transform" : [
          0.9998558,
          -0.00075553113,
          -0.016965883,
          0,
          -0.016982527,
          -0.040007405,
          -0.999055,
          0,
          7.605626e-05,
          0.99919903,
          -0.040014464,
          0,
          -2.87986,
          12.500361,
          1.0651753,
          1
        ]
      },
      {
        "date" : 749020924.061389,
        "title" : "Untitled",
        "transform" : [
          0.9998558,
          -0.00075553113,
          -0.016965883,
          0,
          -0.016982527,
          -0.040007405,
          -0.999055,
          0,
          7.605626e-05,
          0.99919903,
          -0.040014464,
          0,
          0.01748655,
          12.456804,
          -0.016979944,
          1
        ]
      },
      {
        "date" : 749020920.227242,
        "title" : "Untitled",
        "transform" : [
          0.9998558,
          -0.00075553113,
          -0.016965883,
          0,
          -0.016982527,
          -0.040007405,
          -0.999055,
          0,
          7.605626e-05,
          0.99919903,
          -0.040014464,
          0,
          -0.29550764,
          9.711553,
          0.5899589,
          1
        ]
      },
      {
        "date" : 749020919.104644,
        "title" : "Untitled",
        "transform" : [
          0.9998558,
          -0.00075553113,
          -0.016965883,
          0,
          -0.016982527,
          -0.040007405,
          -0.999055,
          0,
          7.605626e-05,
          0.99919903,
          -0.040014464,
          0,
          -0.29553777,
          9.314956,
          0.60584104,
          1
        ]
      },
      {
        "date" : 749020893.931774,
        "title" : "Untitled",
        "transform" : [
          0.9998558,
          -0.00075553113,
          -0.016965883,
          0,
          -0.016982527,
          -0.040007405,
          -0.999055,
          0,
          7.605626e-05,
          0.99919903,
          -0.040014464,
          0,
          -0.81195,
          4.2928166,
          -0.5634947,
          1
        ]
      },
      {
        "date" : 749020890.92193,
        "title" : "Untitled",
        "transform" : [
          0.9998558,
          -0.00075553113,
          -0.016965883,
          0,
          -0.016982527,
          -0.040007405,
          -0.999055,
          0,
          7.605626e-05,
          0.99919903,
          -0.040014464,
          0,
          -0.811656,
          8.131302,
          -0.7172115,
          1
        ]
      },
      {
        "date" : 749020888.453557,
        "title" : "Untitled",
        "transform" : [
          0.9998558,
          -0.00075553113,
          -0.016965883,
          0,
          -0.016982527,
          -0.040007405,
          -0.999055,
          0,
          7.605626e-05,
          0.99919903,
          -0.040014464,
          0,
          -0.42293715,
          8.218302,
          1.4560006,
          1
        ]
      }
    ],
    "CBDF2B26-8C68-4387-AFAF-40B4A06CD3E0" : [
      {
        "date" : 749009723.803756,
        "title" : "Untitled",
        "transform" : [
          0.28877825,
          2.1394728e-09,
          -0.95739603,
          0,
          -0.10271413,
          0.99422824,
          -0.03098154,
          0,
          0.9518702,
          0.107284896,
          0.2871115,
          0,
          1.4401664,
          1.5261691,
          0.83870655,
          1
        ]
      },
      {
        "date" : 749009719.938373,
        "title" : "Untitled",
        "transform" : [
          0.28877825,
          2.1394728e-09,
          -0.95739603,
          0,
          -0.10271413,
          0.99422824,
          -0.03098154,
          0,
          0.9518702,
          0.107284896,
          0.2871115,
          0,
          1.4401664,
          1.5261691,
          0.83870655,
          1
        ]
      },
      {
        "date" : 749009679.312132,
        "title" : "Untitled",
        "transform" : [
          0.28877822,
          4.5612492e-10,
          -0.957396,
          0,
          -0.102714136,
          0.9942283,
          -0.030981544,
          0,
          0.9518702,
          0.107284896,
          0.2871115,
          0,
          1.4401664,
          1.5261691,
          0.83870655,
          1
        ]
      },
      {
        "date" : 749009649.780202,
        "title" : "Untitled",
        "transform" : [
          0.82263935,
          1.2375224e-10,
          0.5685636,
          0,
          0.00433351,
          0.9999709,
          -0.0062700394,
          0,
          -0.568547,
          0.007621857,
          0.8226154,
          0,
          -1.1551694,
          0.8432504,
          1.2308717,
          1
        ]
      },
      {
        "date" : 749009628.70863,
        "title" : "Untitled",
        "transform" : [
          0.8369448,
          -3.8492747e-09,
          -0.54728734,
          0,
          -0.18127869,
          0.94354963,
          -0.2772223,
          0,
          0.51639277,
          0.3312313,
          0.7896989,
          0,
          0.6832125,
          1.391733,
          1.5012686,
          1
        ]
      },
      {
        "date" : 749009623.072043,
        "title" : "Untitled",
        "transform" : [
          0.9993435,
          -1.4502289e-05,
          0.036231607,
          0,
          0.011154236,
          0.951555,
          -0.30727628,
          0,
          -0.03447191,
          0.30747867,
          0.9509304,
          0,
          -0.3113615,
          1.3540773,
          1.6284148,
          1
        ]
      },
      {
        "date" : 749009621.723711,
        "title" : "Untitled",
        "transform" : [
          0.9997234,
          2.761066e-10,
          -0.023518922,
          0,
          -0.009213661,
          0.9200694,
          -0.3916469,
          0,
          0.021639038,
          0.39175525,
          0.9198149,
          0,
          -0.21433932,
          1.4997497,
          1.6057277,
          1
        ]
      },
      {
        "date" : 749009596.01457,
        "title" : "Untitled",
        "transform" : [
          0.9997234,
          -1.5865388e-09,
          -0.02351892,
          0,
          -0.009213659,
          0.9200694,
          -0.3916469,
          0,
          0.021639038,
          0.39175525,
          0.9198149,
          0,
          -0.33505708,
          0.9299314,
          1.8512571,
          1
        ]
      },
      {
        "date" : 749009591.673556,
        "title" : "Untitled",
        "transform" : [
          0.71295804,
          1.6766903e-08,
          -0.7012067,
          0,
          -0.6529164,
          0.3646806,
          -0.66385853,
          0,
          0.25571644,
          0.9311327,
          0.26000193,
          0,
          0.6733727,
          2.2659009,
          1.2200013,
          1
        ]
      },
      {
        "date" : 749009577.053635,
        "title" : "Untitled",
        "transform" : [
          0.71295804,
          1.6766903e-08,
          -0.7012067,
          0,
          -0.6529164,
          0.3646806,
          -0.66385853,
          0,
          0.25571644,
          0.9311327,
          0.26000193,
          0,
          -0.0018946249,
          2.475203,
          1.134573,
          1
        ]
      }
    ],
    "D70108A5-F590-4755-9781-B22A34838488" : [
      {
        "date" : 749010503.4589,
        "title" : "Untitled",
        "transform" : [
          0.9654871,
          0,
          0.26045048,
          0,
          0.13022524,
          0.8660254,
          -0.4827436,
          0,
          -0.22555675,
          0.5,
          0.83613646,
          0,
          -0.16673487,
          1.345083,
          0.61808443,
          1
        ]
      },
      {
        "date" : 749010498.082654,
        "title" : "Untitled",
        "transform" : [
          1,
          0,
          0,
          0,
          0,
          0.8660254,
          -0.5,
          0,
          0,
          0.5,
          0.8660254,
          0,
          0,
          15.071066,
          26.103851,
          1
        ]
      },
      {
        "date" : 749010473.499749,
        "title" : "Untitled",
        "transform" : [
          1,
          0,
          -0,
          0,
          -0,
          0.8660254,
          -0.5,
          0,
          0,
          0.5,
          0.8660254,
          0,
          0,
          0.22346759,
          0.38705721,
          1
        ]
      }
    ],
    "DB6DAB67-CA01-4FA1-8F9E-22021FCAC8A2" : [
      {
        "date" : 749010415.740895,
        "title" : "Untitled",
        "transform" : [
          1,
          0,
          -0,
          0,
          -0,
          0.8660254,
          -0.5,
          0,
          0,
          0.5,
          0.8660254,
          0,
          0,
          0.22346759,
          0.38705721,
          1
        ]
      }
    ]
  },
  "selectedSceneRelativePath" : "Scene.usda"
}